#q4

y <- c(48,57,66,70,89,36,46,54,26,77)
x1 <- c(50,36,40,41,28,49,42,45,52,29)
x2 <- c(51,46,48,44,43,54,50,48,62,50)

